start=3404.172154
speed=2.000000
pause=yes
