start=1480.881000
speed=1.500000
pause=yes
