start=0.966667
pause=yes
sub-delay=0.000000
