start=1004.903900
speed=1.200000
