start=688.400000
speed=1.200000
