start=925.133333
speed=1.400000
