start=283.000000
speed=1.200000
