start=1139.041667
speed=1.200000
