start=738.279208
speed=1.500000
