start=827.196481
speed=1.400000
pause=yes
