start=231.006000
speed=1.400000
pause=yes
