start=382.400000
speed=2.000000
