start=290.107917
speed=1.400000
pause=yes
