start=422.366667
speed=1.200000
