start=269.102542
speed=1.400000
pause=yes
