start=302.214705
speed=1.200000
pause=yes
