start=609.276118
speed=1.500000
pause=yes
