start=855.500000
speed=1.300000
