start=300.333333
speed=1.300000
pause=yes
