start=2018.233333
speed=1.500000
pause=yes
