start=391.500000
speed=1.800000
