start=48.673290
speed=1.400000
pause=yes
