start=577.600000
speed=1.200000
