start=763.166667
speed=1.200000
