start=1130.682063
speed=1.500000
pause=yes
