start=445.782179
speed=1.800000
pause=yes
