start=416.962132
pause=yes
volume=130.000000
