start=125.045000
speed=1.400000
pause=yes
