start=742.860714
speed=1.500000
pause=yes
