start=1138.625000
speed=1.800000
pause=yes
