start=1735.460363
speed=2.000000
pause=yes
