start=568.100000
speed=1.200000
