start=1033.365667
speed=1.700000
