start=3093.133333
speed=1.700000
pause=yes
