start=1351.200000
speed=1.300000
pause=yes
