start=1540.338800
osd-level=3
pause=yes
audio-delay=0.000000
