start=68.081375
speed=1.400000
pause=yes
