start=314.666667
speed=2.000000
pause=yes
sub-delay=-0.100000
