start=289.415270
speed=1.200000
pause=yes
volume=130.000000
