start=521.989472
speed=1.200000
pause=yes
