start=562.866667
speed=1.200000
pause=yes
