start=576.723971
speed=1.200000
pause=yes
