start=156.866667
speed=1.500000
pause=yes
