start=620.885759
speed=1.400000
pause=yes
