start=19.185833
speed=1.700000
pause=yes
