start=532.966667
speed=1.200000
pause=yes
