start=1845.065292
speed=1.200000
pause=yes
