start=283.800000
speed=1.300000
pause=yes
