start=310.019740
speed=1.400000
pause=yes
