start=1256.566667
osd-level=3
speed=1.500000
pause=yes
