start=360.043000
speed=1.400000
pause=yes
