start=205.038153
speed=1.400000
pause=yes
