start=612.266667
speed=1.200000
