start=159.119208
speed=1.400000
pause=yes
