start=2515.200000
speed=2.000000
pause=yes
