start=607.566667
speed=1.400000
