start=702.266667
speed=1.300000
pause=yes
