start=1188.400000
speed=1.100000
pause=yes
