start=2420.733333
speed=2.000000
