start=380.750000
speed=1.300000
pause=yes
