start=5605.399978
osd-level=3
speed=1.200000
pause=yes
volume=130.000000
