start=1206.741043
pause=yes
sub-delay=0.000000
sub-pos=103
