start=338.085237
speed=1.700000
pause=yes
