start=88.360000
speed=1.300000
pause=yes
