start=223.033583
speed=1.400000
pause=yes
