start=724.433333
speed=1.300000
pause=yes
