start=2548.474751
speed=1.500000
pause=yes
