start=1969.916667
speed=1.300000
pause=yes
volume=130.000000
sid=no
