start=532.066667
pause=yes
volume=102.000000
