start=276.031750
speed=1.500000
pause=yes
