start=8088.854437
osd-level=3
speed=1.200000
pause=yes
