start=294.566667
speed=1.800000
