start=9017.100000
speed=1.300000
