start=857.033333
speed=1.200000
pause=yes
