start=2691.621219
speed=1.300000
pause=yes
