start=181.030370
speed=1.400000
pause=yes
