start=193.047667
speed=1.400000
pause=yes
