start=922.899978
speed=1.200000
pause=yes
volume=130.000000
