start=173.069625
speed=1.400000
pause=yes
