start=20.466667
speed=1.300000
pause=yes
