start=268.020125
speed=1.400000
pause=yes
