start=327.833333
speed=1.300000
pause=yes
