start=233.033333
speed=1.700000
pause=yes
