start=120.121292
speed=1.400000
pause=yes
