start=1261.920000
speed=1.500000
pause=yes
