start=385.933333
speed=1.200000
