start=2057.160000
speed=1.100000
