start=243.116292
speed=1.400000
pause=yes
