start=412.000000
speed=1.200000
