start=380.066667
speed=1.500000
