start=514.348702
pause=yes
volume=44.095856
