start=807.381043
speed=1.000000
pause=yes
