start=1120.000000
speed=1.200000
pause=yes
