start=264.252347
speed=1.200000
pause=yes
