start=130.040792
speed=1.500000
pause=yes
