start=995.451895
speed=1.400000
pause=yes
