start=1468.680000
speed=1.500000
pause=yes
