start=100.063208
speed=1.400000
pause=yes
