start=257.044292
speed=1.300000
pause=yes
