start=231.094039
speed=1.400000
pause=yes
