start=1411.133442
speed=1.400000
pause=yes
