start=1561.166667
osd-level=3
speed=1.500000
pause=yes
