start=154.105167
speed=1.400000
pause=yes
