start=176.044083
speed=1.400000
pause=yes
