start=793.980986
speed=1.500000
pause=yes
