start=228.566667
speed=1.800000
pause=yes
