start=206.133333
speed=1.800000
pause=yes
