start=99.024837
speed=1.400000
pause=yes
