start=718.500000
speed=1.200000
