start=659.033333
osd-level=3
pause=yes
audio-delay=0.000000
