start=127.011596
speed=1.400000
pause=yes
