start=129.166667
speed=1.200000
