start=138.033950
pause=yes
audio-delay=-0.000000
fullscreen=yes
vid=1
