start=2542.700000
speed=2.000000
pause=yes
