start=458.733333
speed=1.500000
pause=yes
