start=971.132969
speed=1.200000
pause=yes
