start=619.160000
speed=1.500000
pause=yes
