start=53.653333
pause=yes
sub-delay=0.000000
