start=76.012708
speed=1.400000
pause=yes
