start=37.099083
speed=1.400000
pause=yes
