start=811.110300
speed=1.300000
pause=yes
