start=100.733333
speed=1.700000
pause=yes
