start=2332.600000
speed=1.500000
pause=yes
