start=277.800000
speed=1.200000
