start=46.533333
speed=2.000000
pause=yes
