start=540.537461
speed=1.200000
pause=yes
