start=398.000000
speed=2.000000
pause=yes
