start=242.800000
speed=1.800000
