start=1349.849850
speed=1.300000
pause=yes
