start=357.055083
speed=1.400000
pause=yes
