start=72.375000
speed=1.500000
pause=yes
