start=3402.666667
speed=2.000000
pause=yes
