start=621.133333
speed=1.300000
pause=yes
vid=1
sub-pos=89
