start=631.166667
speed=1.200000
