start=364.630510
speed=1.500000
pause=yes
