start=105.017750
speed=1.400000
pause=yes
