start=150.400000
speed=1.300000
pause=yes
volume=130.000000
