start=625.766667
speed=1.200000
