start=258.022059
speed=1.400000
pause=yes
