start=3561.367211
speed=2.000000
pause=yes
brightness=-20
