start=306.773133
speed=1.300000
pause=yes
