start=647.440000
speed=1.500000
pause=yes
