start=871.566656
speed=1.500000
pause=yes
volume=130.000000
