start=564.999563
speed=1.400000
pause=yes
