start=1605.539104
speed=1.500000
pause=yes
