start=1311.266667
speed=1.500000
