start=771.933333
speed=1.700000
pause=yes
