start=1045.027360
speed=1.300000
pause=yes
