start=125.048208
speed=1.400000
pause=yes
