start=373.609063
speed=1.200000
pause=yes
