start=140.517806
speed=1.300000
pause=yes
