start=900.300000
speed=1.500000
pause=yes
