start=365.666667
speed=1.700000
pause=yes
