start=577.254725
speed=1.200000
pause=yes
