start=674.760000
speed=1.500000
pause=yes
