start=1073.166667
speed=1.500000
