start=334.633333
speed=1.200000
