start=22.100000
speed=1.300000
