start=175.041750
speed=1.400000
pause=yes
