start=2274.875000
speed=1.600000
pause=yes
