start=621.166667
speed=1.300000
pause=yes
