start=547.591814
speed=1.500000
pause=yes
