start=1463.880000
speed=1.200000
pause=yes
