start=8.166667
speed=1.000000
