start=2721.987800
speed=1.500000
pause=yes
