start=1398.200000
speed=1.500000
