start=207.079833
speed=1.400000
pause=yes
