start=2029.480000
speed=1.500000
pause=yes
