start=1251.240000
speed=1.000000
pause=yes
