start=409.600000
speed=1.200000
pause=yes
