start=581.999667
speed=1.400000
