start=192.400000
speed=2.000000
pause=yes
