start=230.117583
speed=1.400000
pause=yes
