start=201.035917
speed=1.300000
pause=yes
