start=931.751692
osd-level=3
speed=1.500000
pause=yes
