start=424.657111
speed=1.500000
pause=yes
