start=447.967000
speed=1.500000
pause=yes
