start=123.100625
speed=1.400000
pause=yes
