start=468.866667
speed=1.800000
