start=136.966667
speed=1.200000
