start=1082.451111
speed=1.500000
pause=yes
