start=1335.158144
speed=1.400000
pause=yes
