start=620.118269
speed=1.200000
pause=yes
