start=129.025723
speed=1.400000
pause=yes
