start=498.533333
speed=1.200000
