start=384.083716
speed=1.500000
pause=yes
