start=2029.550102
speed=1.500000
pause=yes
vid=1
