start=411.713651
speed=1.800000
pause=yes
