start=20.120120
pause=yes
volume=130.000000
sub-delay=0.100000
sub-visibility=no
