start=115.595528
speed=1.500000
pause=yes
