start=575.466667
speed=1.200000
