start=508.433333
speed=1.200000
