start=322.025042
speed=1.400000
pause=yes
