start=1023.480000
speed=1.500000
