start=4232.666656
speed=1.300000
pause=yes
volume=130.000000
