start=540.900000
ab-loop-a=0.500000
