start=656.366667
speed=1.200000
pause=yes
