start=512.879546
speed=1.200000
pause=yes
