start=2661.366656
speed=1.500000
pause=yes
volume=130.000000
