start=98.466667
speed=1.800000
