start=7.600000
speed=1.800000
