start=0.000000
osd-level=3
speed=1.500000
pause=yes
aid=1
vid=1
