start=558.600000
speed=1.400000
pause=yes
