start=779.783333
speed=1.200000
pause=yes
