start=571.626345
speed=1.700000
pause=yes
