start=277.700000
pause=yes
sub-pos=102
sub-scale=0.800000
