start=3056.274410
speed=1.500000
pause=yes
