start=38.000000
pause=yes
sub-delay=0.000000
