start=264.034583
speed=1.400000
pause=yes
