start=291.157533
speed=1.200000
