start=823.560000
speed=1.300000
pause=yes
