start=407.944518
speed=0.900000
pause=yes
