start=274.833333
speed=2.000000
pause=yes
