start=2392.766667
speed=2.000000
fullscreen=yes
