start=1372.866667
speed=2.100000
fullscreen=yes
