start=3081.033322
speed=1.300000
pause=yes
volume=130.000000
