start=372.169274
speed=1.300000
pause=yes
