start=291.200000
speed=1.300000
