start=117.015388
speed=1.400000
pause=yes
