start=212.033333
speed=1.600000
pause=yes
