start=390.066667
speed=1.300000
pause=yes
