start=2870.475465
speed=2.000000
pause=yes
