start=120.020612
speed=1.400000
pause=yes
