start=309.081833
speed=1.400000
pause=yes
