start=621.266667
speed=1.500000
