start=309.800000
osd-level=3
speed=1.300000
pause=yes
