start=495.900000
speed=1.300000
pause=yes
