start=879.766667
speed=1.500000
pause=yes
