start=648.300000
speed=1.300000
