start=201.733333
speed=1.800000
pause=yes
