start=3160.250000
speed=1.300000
pause=yes
