start=1525.099989
speed=1.800000
pause=yes
volume=130.000000
deinterlace=yes
sub-pos=99
sub-scale=0.900000
