start=607.400000
speed=1.800000
