start=295.838141
speed=1.500000
pause=yes
