start=4274.466667
speed=2.000000
pause=yes
