start=216.012526
speed=1.400000
pause=yes
