start=527.300000
speed=1.200000
fullscreen=yes
