start=221.046625
speed=1.400000
pause=yes
