start=669.166667
speed=1.200000
