start=346.026624
speed=1.400000
pause=yes
