start=642.400000
osd-level=3
speed=1.400000
