start=136.166667
speed=1.500000
pause=yes
