start=993.700000
osd-level=3
pause=yes
volume=130.000000
