start=121.062083
speed=1.400000
pause=yes
