start=258.412755
speed=1.800000
pause=yes
