start=735.566667
speed=1.500000
