start=7784.075693
pause=yes
volume=110.000000
