start=2210.966667
osd-level=3
pause=yes
sub-delay=0.000000
