start=1873.234000
osd-level=3
speed=1.500000
pause=yes
