start=7813.249999
osd-level=3
pause=yes
deinterlace=yes
sub-delay=0.100000
