start=723.866667
speed=1.500000
pause=yes
