start=682.900000
speed=1.300000
