start=303.012417
speed=1.400000
pause=yes
