start=387.408723
speed=1.200000
pause=yes
