start=1082.347933
speed=1.200000
