start=33.076625
speed=1.500000
pause=yes
