start=850.966667
speed=1.200000
