start=1833.640000
speed=1.400000
