start=378.277900
speed=1.200000
pause=yes
