start=238.005708
speed=1.200000
pause=yes
