start=301.061042
speed=1.400000
pause=yes
