start=457.500000
speed=1.200000
pause=yes
