start=2599.574467
speed=2.000000
pause=yes
