start=240.047125
speed=1.400000
pause=yes
