start=360.400000
speed=1.500000
pause=yes
