start=482.715567
speed=1.300000
pause=yes
