start=345.866667
speed=2.000000
pause=yes
