start=299.882000
speed=1.500000
