start=238.035958
speed=1.400000
pause=yes
