start=1849.999978
speed=1.200000
pause=yes
volume=130.000000
sid=no
ab-loop-a=835.333322
ab-loop-b=835.333322
