start=1813.375000
speed=1.500000
pause=yes
