start=65.546080
speed=1.500000
ab-loop-a=30.646362
