start=2767.125000
speed=1.500000
pause=yes
audio-delay=-0.000000
vid=1
