start=1198.166667
pause=yes
volume=116.000000
