start=482.833333
speed=1.300000
