start=819.600000
speed=1.300000
pause=yes
