start=129.081375
speed=1.400000
pause=yes
