start=435.669817
speed=1.600000
pause=yes
contrast=25
