start=558.066667
osd-level=3
speed=1.300000
pause=yes
