start=549.228001
speed=1.200000
pause=yes
