start=2129.200000
speed=2.000000
