start=565.933333
speed=1.200000
