start=138.010833
speed=1.400000
pause=yes
