start=77.068167
speed=1.300000
pause=yes
