start=381.746803
speed=1.700000
pause=yes
