start=630.397064
speed=1.200000
