start=1474.875000
speed=1.800000
