start=239.016667
speed=1.400000
pause=yes
