start=925.245533
speed=1.000000
pause=yes
